25 5
1 4 9 15 21
0100000000000000000000010
1000000000000000000000000
0001000001111000001000000
0010000100000001000000000
0000001001100000000010000
0000000000100100000111010
0000100001100100000001011
0001000010110000000000001
0000000100000000000000001
0010101000000101000001000
0010111100000000000000000
0010000100000001000001000
0010000000000011000010111
0000011001000000000000110
0000000000001000001000000
0001000001011000000001000
0000000000000000000000101
0000000000000000000010000
0010000000000010000000001
0000010000000000000000100
0000110000001000010000000
0000011001010001000000000
0000000000001100100100000
1000011000001100000000000
0000001110001000101000000
